OS: Windows-10-10.0.22000-SP0 10.0.22000
Python: 3.9.12
Stable-Baselines3: 1.5.0
PyTorch: 1.11.0+cpu
GPU Enabled: False
Numpy: 1.22.3
Gym: 0.21.0
